A = [4 6 9 2; 1 2 3 4; 4 3 5 8];
B = [2 6 1 3; 4 3 1 9; 6 -3 6 5; 2 6 8 8];
C = A + 1;
D = B .^2;
E = C*D;
F = E'